# Created by Octave 3.2.4, Sun Apr 28 11:43:48 2013 FLE Daylight Time <unknown@unknown>
# name: init_state
# type: matrix
# rows: 1
# columns: 196
 0.09413932723386104 0.1876296081026792 0.2798301087825461 0.3701165956721605 0.4578892753008229 0.5425803674102357 0.6236611978730262 0.7006487055912163 0.7731112666452326 0.8406737495949723 0.9030217278018084 0.9599047877560902 1.011138886452554 1.05660772563514 1.096263126000809 1.130124399969228 1.158276737147807 1.180868631905954 1.198108397278429 1.210259823513168 1.217637052742721 1.220598753284204 1.219541687772105 1.2148937785339 1.207106781186547 1.196648683244471 1.183995948496485 1.169625729968964 1.154008174414577 1.137598939449406 1.120832040736516 1.104113141041078 1.087813385650372 1.072263879678366 1.057750892302053 1.044511861171742 1.032732257287619 1.022543356745528 1.014020951146398 1.007185013367602 1.002000320049937 0.9983780168039851 0.9961780970273365 0.9952127505888553 0.9952505247094932 0.9960212263714765 0.9972214837247727 0.99852087341921 0.9995685117393122 0.9999999999999999 0.999444608992151 0.9975325834373332 0.9939024454813872 0.9882081762574791 0.9801261564807822 0.9693617508685217 0.9556554268501585 0.9387883054532774 0.9185870513039496 0.8949280192227056 0.8677405867620529 0.8370096150309749 0.8027769940803435 0.765142243760297 0.7242621560746827 0.6803494804093606 0.6336706683575156 0.5845427099629522 0.5333291078126081 0.480435049300489 0.4263018503368041 0.3714007555826144 0.3162261907644347 0.2612885715983516 0.2071067811865477 0.1542004333234773 0.1030820428751992 0.05424922621317618 0.00817705456323195 -0.03468931892822177 -0.07394164157416744 -0.1092150419479604 -0.1401939056470645 -0.1666170517657969 -0.1882821265217153 -0.205049142504994 -0.216843105182993 -0.2236556823867342 -0.2255458873112257 -0.2226397608450776 -0.2151290545667739 -0.2032689312615066 -0.1873747150799409 -0.1678177382387865 -0.1450203452203612 -0.1194501285435522 -0.09161348214551751 -0.06204856904405264 9.392256162544294 9.295107438676995 9.134575542341686 8.912712628877944 8.632348445749164 8.297047872755769 7.91105747403484 7.479241894412529 7.007011090620691 6.500239530261919 5.965178615971089 5.408363697019984 4.83651711400019 4.256448782890421 3.674955861818477 3.098723056588544 2.534225109366836 1.98763297899296 1.464725161783463 0.9708055193627337 0.5106288762983412 0.08833552677351457 -0.2926043518487807 -0.629435537695076 -0.9201511845106096 -1.163514333014651 -1.359067211376211 -1.507128215453196 -1.608776653767089 -1.665825535029906 -1.680782864359565 -1.656802095145298 -1.597622554006106 -1.507500813736238 -1.391134131071871 -1.253577190307391 -1.10015349828319 -0.9363628594159517 -0.7677864199406657 -0.5999908074321636 -0.4384329043966084 -0.2883667830757015 -0.1547542927785313 -0.04218073162001318 0.04522304755471272 0.1038508507412489 0.1306825527060722 0.1233357210928683 0.08010662901500884 3.487868498008632e-016 -0.1172529909120446 -0.2711887486438866 -0.46061741882027 -0.6836410808912957 -0.9376836847225665 -1.219532254265036 -1.525388701981817 -1.850931428154064 -2.191385722696074 -2.541601846157629 -2.89613954341045 -3.249357640056378 -3.595507289497008 -3.928827379170389 -4.243640568634508 -4.534448420531921 -4.796024098194734 -5.02350114055046 -5.212456885489944 -5.358989196010819 -5.459785247946201 -5.512181262285955 -5.514212207041306 -5.464650651058094 -5.363034122668977 -5.209680506904161 -5.005691203303648 -4.752941959222624 -4.454061487854902 -4.112398172952528 -3.731975350352117 -3.317435836962721 -2.873976547976313 -2.407274200046388 -1.923403239563031 -1.428747258702689 -0.9299052656935012 -0.433594258074149 0.05345039267006973 0.5245752007788058 0.9733079141979917 1.393454407627557 1.779191614391027 2.125155051547443 2.426519576049206 2.679072114541952 2.87927523396077 3.024320562443968
